     0/272     9.07G      2.11      22.1      13.1      37.3       306       608    0.0767    0.0299   0.00276     0.043      1.81      18.9    0.0179
     1/272     9.07G      1.78      11.7   0.00886      13.5       290       608     0.209    0.0845    0.0205      0.12      1.66      17.2   0.00954
     2/272     9.07G      1.71      10.8    0.0088      12.5       230       608     0.197    0.0733    0.0184     0.107      1.63      16.9     0.007
     3/272     9.07G      1.67       9.6   0.00562      11.3       110       608     0.294     0.105    0.0378     0.154      1.57      14.3   0.00282
     4/272     9.07G      1.62      8.61   0.00338      10.2         0       608     0.341     0.126    0.0478     0.184      1.52      13.6   0.00381
     5/272     9.07G      1.58      8.03   0.00278      9.61       181       608     0.331     0.107    0.0372     0.161      1.48      13.2   0.00318
     6/272     9.07G      1.53      7.55   0.00427      9.09         0       608     0.378     0.141    0.0571     0.206      1.43      11.9    0.0023
     7/272     9.07G       1.5       7.2   0.00233      8.69       150       608     0.382     0.128     0.052     0.192      1.39      11.8   0.00378
     8/272     9.07G      1.46       6.8   0.00204      8.27        95       608     0.382      0.13     0.054     0.194      1.35      11.7   0.00348
     9/272     9.07G      1.43      6.66    0.0025      8.09       203       608     0.438     0.158    0.0697     0.232      1.31      10.7   0.00476
    10/272     9.07G       1.4      6.42   0.00216      7.82       277       608     0.412      0.14    0.0614      0.21       1.3      10.6   0.00467
    11/272     9.07G      1.38      6.21   0.00265      7.59       153       608     0.463     0.162    0.0792      0.24      1.27      9.75   0.00589
    12/272     9.07G      1.36      6.05   0.00168       7.4       130       608     0.438     0.147    0.0653      0.22      1.27      10.6   0.00372
    13/272     9.07G      1.34       5.9   0.00142      7.24       125       608     0.445      0.15    0.0714     0.224      1.24      10.2    0.0045
    14/272     9.07G      1.32      5.84   0.00146      7.16       307       608     0.444     0.153    0.0701     0.227      1.25      10.2     0.007
    15/272     9.07G      1.31      5.72   0.00145      7.03       253       608     0.498     0.174    0.0911     0.258       1.2      9.38   0.00425
    16/272     9.07G      1.29      5.61   0.00113       6.9       183       608     0.488     0.165    0.0839     0.247      1.19      9.35   0.00652
    17/272     9.07G      1.28      5.54   0.00146      6.82       339       608     0.514     0.177    0.0936     0.263      1.19       9.3   0.00529
    18/272     9.07G      1.27      5.49    0.0032      6.76       275       608     0.507     0.176    0.0913     0.262      1.18       9.4   0.00761
    19/272     9.07G      1.25      5.48   0.00109      6.73         6       608     0.502     0.184    0.0975     0.269      1.16      9.13   0.00697
    20/272     9.07G      1.25      5.52   0.00114      6.77       191       608      0.52      0.18    0.0986     0.268      1.15      8.83   0.00561
    21/272     9.07G      1.23      5.32  0.000932      6.54         0       608      0.52     0.204      0.11     0.293      1.13       8.6   0.00156
    22/272     9.07G      1.23      5.16  0.000882      6.38       352       608     0.531     0.195     0.108     0.285      1.12      8.44   0.00285
    23/272     9.07G      1.21      5.11  0.000947      6.33       324       608     0.554     0.191     0.112     0.284      1.11       8.4   0.00256
    24/272     9.07G      1.21      5.06    0.0011      6.27       291       608     0.569     0.194     0.113      0.29      1.11      8.59   0.00377
    25/272     9.07G       1.2      5.01   0.00204      6.21       308       608     0.575     0.195     0.115     0.291      1.09      8.13   0.00168
    26/272     9.07G      1.19      4.93  0.000903      6.12       118       608     0.577     0.216      0.13     0.315       1.1      8.43   0.00333
    27/272     9.07G      1.18      4.91  0.000844       6.1       146       608     0.596     0.207     0.126     0.307      1.07      7.97   0.00212
    28/272     9.07G      1.18      4.87  0.000946      6.05       191       608     0.568     0.203     0.123       0.3      1.08      8.15   0.00134
    29/272     9.07G      1.17      4.83  0.000956         6       206       608     0.557     0.204     0.118     0.298      1.06      7.89    0.0035
    30/272     9.07G      1.17      4.78   0.00114      5.95       174       608     0.544     0.192     0.111     0.284      1.07      8.32   0.00492
    31/272     9.07G      1.16      4.71  0.000928      5.87       178       608     0.581     0.217      0.13     0.315      1.06      7.77   0.00557
    32/272     9.07G      1.17      4.97   0.00105      6.15       142       608     0.568     0.212     0.127     0.309      1.06      7.69  0.000732
    33/272     9.07G      1.15      4.77  0.000843      5.92       139       608     0.623      0.24     0.156     0.347      1.05       7.8  0.000991
    34/272     9.07G      1.15      4.67   0.00073      5.82       151       608     0.574     0.206     0.122     0.303      1.05      7.62   0.00108
    35/272     9.07G      1.15      4.66  0.000669      5.81       302       608     0.585     0.209     0.127     0.309      1.04      7.54    0.0039
    36/272     9.07G      1.14      4.63  0.000819      5.77       215       608     0.585     0.196     0.119     0.294      1.07      8.22   0.00132
    37/272     9.07G      1.13      4.56  0.000628      5.69       339       608     0.608     0.217     0.135      0.32      1.03       7.4   0.00377
    38/272     9.07G      1.13      4.56   0.00158      5.68        67       608     0.573     0.192     0.117     0.287      1.07      9.39   0.00264
    39/272     9.07G      1.13      4.54  0.000597      5.67        22       608     0.598     0.225     0.138     0.327      1.03      7.58   0.00445
    40/272     9.07G      1.13      4.65  0.000799      5.78       117       608     0.587     0.225     0.138     0.325      1.03      7.71  0.000778
    41/272     9.07G      1.12      4.48  0.000665       5.6        88       608      0.61     0.236     0.147      0.34      1.04      7.46  0.000795
    42/272     9.07G      1.11      4.56  0.000781      5.67         0       608     0.635      0.26      0.17     0.369      1.01      7.24  0.000981
    43/272     9.07G       1.1      4.48   0.00053      5.58         0       608     0.644      0.26     0.173      0.37      1.01      7.05   0.00146
    44/272     9.07G      1.14      4.84   0.00119      5.98       266       608     0.641     0.224      0.15     0.332      1.05      8.15   0.00145
    45/272     9.07G      1.13      4.87  0.000709         6         0       608     0.627     0.236     0.151     0.343      1.03      7.43   0.00516
    46/272     9.07G      1.12      4.64   0.00075      5.77       209       608     0.637     0.226     0.148     0.333      1.01      7.06   0.00148
    47/272     9.07G      1.11      4.41  0.000557      5.51       144       608     0.613     0.229     0.142     0.333         1      7.11    0.0033
    48/272     9.07G       1.1      4.37  0.000788      5.47       167       608     0.641     0.249     0.164     0.359     0.996      7.34   0.00427
    49/272     9.07G      1.08      4.42  0.000527      5.51         0       608     0.656     0.264     0.177     0.377      0.99      7.08   0.00149
    50/272     9.07G      1.12      4.66  0.000639      5.77       242       608     0.606     0.196      0.12     0.296      1.02       7.7   0.00596
    51/272     9.07G      1.09      4.47   0.00135      5.56         0       608     0.628     0.257     0.163     0.365     0.995      7.11   0.00373
    52/272     9.07G      1.11      4.77  0.000872      5.88       139       608     0.606     0.198     0.122     0.298      1.02      8.97   0.00267
    53/272     9.07G      1.09      4.39  0.000764      5.48       138       608     0.632      0.22     0.145     0.327     0.983         7    0.0031
    54/272     9.07G      1.08      4.31  0.000653       5.4       217       608     0.616     0.224     0.141     0.328     0.975      7.12   0.00114
    55/272     9.07G      1.08      4.27   0.00048      5.35       200       608     0.615     0.223     0.142     0.328     0.975       6.9   0.00181
    56/272     9.07G      1.07      4.26  0.000581      5.33         0       608      0.64     0.241     0.161      0.35     0.967       6.9   0.00526
    57/272     9.07G      1.07      4.15  0.000474      5.22       202       608     0.652     0.245     0.164     0.356     0.965      6.77   0.00214
    58/272     9.07G      1.06      4.17  0.000469      5.23       181       608     0.593     0.216     0.132     0.317     0.987      7.14   0.00139
    59/272     9.07G      1.07      4.12  0.000453      5.19       320       608     0.638     0.221     0.146     0.328     0.961      6.94   0.00554
    60/272     9.07G      1.06      4.13  0.000489      5.19       101       608     0.663     0.235      0.16     0.347     0.971      6.81   0.00288
    61/272     9.07G      1.06      4.09  0.000488      5.14       161       608     0.656     0.242     0.164     0.354     0.966      7.04   0.00346
    62/272     9.07G      1.05      4.07  0.000534      5.12        68       608     0.632     0.223     0.145      0.33     0.991      7.85   0.00368
    63/272     9.07G      1.06       4.1  0.000443      5.16       121       608     0.656     0.247     0.164     0.359     0.951      6.98   0.00327
    64/272     9.07G      1.05      4.08  0.000556      5.13       177       608     0.625     0.231     0.149     0.337         1      7.89   0.00451
    65/272     9.07G      1.05      4.04  0.000431       5.1       294       608     0.688     0.259      0.18     0.377     0.954      6.46   0.00437
    66/272     9.07G      1.04      4.02  0.000424      5.06       227       608      0.68     0.256     0.178     0.372     0.952      6.64   0.00518
    67/272     9.07G      1.04      3.98  0.000419      5.02       188       608     0.645     0.235     0.153     0.344     0.956      6.98   0.00441
    68/272     9.07G      1.04      3.98  0.000414      5.02       136       608     0.643     0.226     0.148     0.335     0.973       7.4   0.00582
    69/272     9.07G      1.04      3.97  0.000424      5.01       123       608     0.664      0.24     0.165     0.353     0.944      6.56   0.00437
    70/272     9.07G      1.03      3.92   0.00043      4.96       176       608     0.673     0.247     0.167     0.362     0.975      6.77   0.00233
    71/272     9.07G      1.03      3.94  0.000416      4.97       173       608     0.649     0.232     0.156     0.342     0.945      6.67   0.00495
    72/272     9.07G      1.03      3.91   0.00042      4.93       111       608     0.642     0.241     0.159      0.35     0.951      6.67   0.00429
    73/272     9.07G      1.02      3.87  0.000386       4.9        95       608     0.719     0.289      0.21     0.412     0.925      6.61   0.00457
    74/272     9.07G      1.03      3.85  0.000367      4.87       138       608      0.69     0.286       0.2     0.405     0.939      6.76   0.00554
    75/272     9.07G      1.02       3.9  0.000381      4.92       123       608     0.672     0.251     0.174     0.365     0.934      6.51   0.00545
    76/272     9.07G      1.02       3.9  0.000468      4.92       200       608     0.699     0.274     0.196     0.393     0.938       6.8   0.00512
    77/272     9.07G      1.02       3.9  0.000449      4.92       140       608     0.718     0.284     0.208     0.407     0.921      6.54   0.00409
    78/272     9.07G      1.02      3.93  0.000469      4.95       303       608     0.648     0.235     0.155     0.344     0.927      6.52   0.00635
    79/272     9.07G      1.01      3.83  0.000371      4.84       356       608      0.68     0.255     0.175     0.371     0.925       6.5   0.00495
    80/272     9.07G      1.01      3.87  0.000412      4.89       281       608     0.687     0.261     0.185     0.378     0.941      6.78   0.00361
    81/272     9.07G      1.02      4.03   0.00106      5.06         0       608     0.706     0.301     0.219     0.422     0.947      6.94   0.00314
    82/272     9.07G      1.01      3.88   0.00051       4.9       154       608     0.673     0.248     0.169     0.363     0.956      7.11   0.00177
    83/272     9.07G      1.01      3.81  0.000465      4.82       202       608     0.707     0.277     0.198     0.398     0.912       6.4   0.00274
    84/272     9.07G      1.01      3.81   0.00041      4.82       183       608     0.623     0.224     0.142     0.329     0.955      6.97   0.00463
    85/272     9.07G      1.01      3.77  0.000396      4.78       183       608       0.7     0.273     0.196     0.393     0.913      6.36   0.00546
    86/272     9.07G      1.01      3.81  0.000385      4.81       123       608     0.595     0.182     0.116     0.279       1.2      15.8   0.00375
    87/272     9.07G      1.01      3.87   0.00037      4.88       195       608       0.7     0.271     0.197     0.391     0.914      6.35   0.00536
    88/272     9.07G     0.998      3.85  0.000365      4.85         0       608     0.719     0.306     0.223     0.429     0.937      6.66   0.00556
    89/272     9.07G     0.998      3.71  0.000355      4.71        36       608      0.72     0.281     0.209     0.404     0.909      6.77   0.00441
    90/272     9.07G     0.996      3.74  0.000364      4.74       149       608      0.65     0.235     0.155     0.346     0.961      6.72   0.00445
    91/272     9.07G     0.993      3.71  0.000395       4.7        25       608     0.717     0.288     0.208     0.411     0.908      6.49   0.00513
    92/272     9.07G     0.997      3.75  0.000372      4.75       185       608     0.674     0.227     0.155      0.34     0.938      6.89   0.00204
    93/272     9.07G     0.993      3.72   0.00037      4.71       115       608     0.726     0.281     0.211     0.405     0.901      6.52   0.00394
    94/272     9.07G     0.988       3.7  0.000427      4.69       113       608     0.694     0.254     0.179     0.372     0.929      6.79   0.00491
    95/272     9.07G     0.992      3.71  0.000354       4.7       233       608     0.679     0.262     0.184     0.378     0.905      6.39   0.00535
    96/272     9.07G     0.991      3.69  0.000339      4.68        29       608     0.674     0.223     0.155     0.336     0.937      7.57   0.00659
    97/272     9.07G     0.999      3.84  0.000523      4.84       203       608     0.718     0.278     0.201       0.4     0.899      6.38   0.00561
    98/272     9.07G     0.991      3.74  0.000351      4.73       215       608     0.718     0.265     0.194     0.387     0.894      6.22   0.00336
    99/272     9.07G     0.984      3.64  0.000333      4.62       202       608     0.697     0.252      0.18      0.37     0.894      6.35   0.00646
   100/272     9.07G     0.983      3.67  0.000328      4.65        97       608     0.705     0.272     0.197     0.392     0.958      6.16   0.00454
   101/272     9.07G     0.981      3.68  0.000332      4.66       198       608      0.71     0.268     0.191     0.389     0.895      6.34   0.00542
   102/272     9.07G     0.978      3.65  0.000339      4.63       290       608      0.69     0.252     0.177     0.369       0.9      6.43   0.00555
   103/272     9.07G     0.975      3.63  0.000382       4.6       210       608     0.706     0.268      0.19     0.388     0.881      6.28   0.00491
   104/272     9.07G     0.976      3.62  0.000349       4.6       323       608       0.7     0.257     0.182     0.376     0.884      6.37   0.00643
   105/272     9.07G     0.977      3.64  0.000363      4.61       230       608     0.727     0.283     0.211     0.407     0.884      6.23   0.00595
   106/272     9.07G     0.979      3.68   0.00037      4.66       312       608     0.691     0.264     0.186     0.382     0.914      7.07   0.00589
   107/272     9.07G     0.977      3.64   0.00035      4.62       306       608     0.755     0.306     0.233     0.436     0.882      6.26   0.00499
   108/272     9.07G     0.972      3.59  0.000599      4.56       120       608     0.701     0.257     0.182     0.376     0.887      6.32   0.00584
   109/272     9.07G     0.973      3.62  0.000346       4.6       343       608     0.711     0.277     0.199     0.398     0.885      6.17   0.00579
   110/272     9.07G     0.969      3.57  0.000393      4.54       183       608     0.772     0.308      0.24      0.44     0.893      6.73   0.00556
   111/272     9.07G     0.968      3.59  0.000399      4.56       298       608     0.722     0.268     0.193     0.391     0.879      6.18   0.00634
   112/272     9.07G     0.965      3.56  0.000337      4.52       234       608     0.719     0.283     0.208     0.406     0.889      6.54   0.00391
   113/272     9.07G     0.962      3.57  0.000395      4.53       113       608     0.747     0.291     0.223     0.419     0.879      6.11   0.00377
   114/272     9.07G     0.964      3.55  0.000326      4.52       103       608     0.673     0.228     0.154     0.341     0.947      7.92  0.000726
   115/272     9.07G     0.968      3.57  0.000312      4.54        84       608     0.727     0.296     0.219     0.421     0.875      6.58   0.00415
   116/272     9.07G     0.963      3.56   0.00034      4.53       181       608     0.741     0.297     0.223     0.424     0.895      7.36   0.00577
   117/272     9.07G     0.961      3.55  0.000388      4.51        42       608     0.762     0.308     0.237     0.439     0.878      6.33   0.00478
   118/272     9.07G     0.964      3.55  0.000323      4.52       350       608     0.769     0.308     0.238      0.44     0.874      6.16   0.00197
   119/272     9.07G     0.959      3.54  0.000379       4.5       162       608     0.771     0.313     0.246     0.446      0.87         6   0.00453
   120/272     9.07G     0.961       3.5  0.000313      4.47         7       608     0.654      0.25     0.169     0.362     0.971      6.74   0.00593
   121/272     9.07G      0.98      3.69  0.000548      4.67        55       608       0.7     0.246     0.174     0.364     0.878      6.09   0.00181
   122/272     9.07G     0.964      3.59  0.000419      4.55        50       608     0.753       0.3     0.234      0.43     0.886      6.26  0.000451
   123/272     9.07G     0.953      3.61  0.000424      4.56         0       608     0.772     0.305      0.24     0.437     0.871      6.12   0.00149
   124/272     9.07G     0.958      3.53  0.000332      4.49         3       608     0.581     0.211     0.128      0.31      1.01      6.37   0.00235
   125/272     9.07G      0.99      3.55  0.000296      4.54       135       608     0.735     0.279     0.206     0.404     0.865      5.91  0.000768
   126/272     9.07G     0.956      3.49  0.000272      4.45       180       608     0.705     0.251     0.181      0.37     0.897      6.74   0.00497
   127/272     9.07G      0.95      3.49   0.00032      4.44       201       608     0.751     0.291     0.225      0.42     0.859      6.06   0.00409
   128/272     9.07G     0.949      3.46  0.000313      4.41        38       608     0.747     0.281     0.216     0.409     0.884      6.14   0.00443
   129/272     9.07G      0.95      3.46  0.000284      4.41       211       608     0.746     0.287     0.215     0.414     0.862      6.02   0.00442
   130/272     9.07G     0.947      3.47  0.000289      4.41       284       608     0.751     0.289     0.217     0.417     0.864      6.05   0.00456
   131/272     9.07G     0.943      3.41    0.0003      4.36       139       608     0.759     0.301     0.235     0.431     0.857      5.79   0.00495
   132/272     9.07G     0.944      3.45  0.000293       4.4       215       608      0.79     0.322      0.26     0.458     0.859      6.25   0.00381
   133/272     9.07G     0.944      3.43   0.00028      4.37       126       608     0.753     0.295     0.225     0.423     0.858      6.11   0.00366
   134/272     9.07G     0.943      3.42  0.000289      4.37       332       608     0.751     0.292     0.225      0.42     0.873      6.15     0.006
   135/272     9.07G     0.938      3.51  0.000317      4.45         0       608     0.806     0.325     0.266     0.463     0.869      6.05   0.00536
   136/272     9.07G     0.939      3.47   0.00033      4.41        57       608     0.626     0.162     0.114     0.257      1.28      24.5    0.0071
   137/272     9.07G     0.953      3.56  0.000313      4.52       234       608      0.74     0.284     0.214      0.41     0.852      5.85   0.00463
   138/272     9.07G     0.941      3.42    0.0003      4.36       222       608      0.72     0.267     0.194      0.39     0.878      6.49   0.00413
   139/272     9.07G      0.94      3.42  0.000281      4.36       304       608     0.763     0.301     0.236     0.432     0.853      6.02   0.00543
   140/272     9.07G     0.936      3.43  0.000289      4.37       234       608     0.752      0.29     0.226     0.419     0.854      6.24   0.00543
   141/272     9.07G      0.94      3.43  0.000313      4.37        27       608     0.754     0.299     0.227     0.428      0.86      6.17   0.00501
   142/272     9.07G     0.943      3.48  0.000328      4.42       424       608     0.734     0.279     0.206     0.404     0.865      6.95   0.00555
   143/272     9.07G     0.944      3.49  0.000355      4.43        52       608     0.769     0.293      0.23     0.424     0.851       5.9   0.00478
   144/272     9.07G      0.94      3.42  0.000329      4.36       340       608     0.774     0.315     0.247     0.448      0.86      6.03    0.0035
   145/272     9.07G     0.933      3.37  0.000316      4.31       146       608     0.763     0.306     0.235     0.436     0.846      6.13   0.00582
   146/272     9.07G     0.929      3.41  0.000409      4.34         0       608     0.805     0.321     0.266     0.459     0.854      5.76    0.0047
   147/272     9.07G     0.931      3.34  0.000299      4.27       142       608     0.779     0.304     0.241     0.437     0.847      6.01    0.0043
   148/272     9.07G     0.929      3.34  0.000283      4.27       228       608     0.785     0.311      0.25     0.445     0.853      6.26   0.00573
   149/272     9.07G     0.928      3.31  0.000278      4.24       201       608     0.773     0.305     0.239     0.437     0.842      5.91   0.00482
   150/272     9.07G     0.922      3.41  0.000291      4.34         0       608     0.783     0.318     0.249     0.452     0.851      5.87   0.00505
   151/272     9.07G     0.929      3.36  0.000284      4.28       241       608     0.813     0.332     0.276     0.472     0.838       5.9   0.00538
   152/272     9.07G      0.94      3.54  0.000371      4.48        60       608     0.638      0.19     0.127     0.293      1.05      10.6   0.00634
   153/272     9.07G     0.939      3.46  0.000408       4.4        87       608     0.751     0.291     0.223     0.419     0.846      5.92   0.00176
   154/272     9.07G     0.935       3.4  0.000302      4.33       160       608     0.744     0.293     0.222     0.421     0.867      5.82   0.00611
   155/272     9.07G     0.932      3.41  0.000403      4.35       296       608     0.765       0.3     0.235     0.431     0.849      6.05   0.00287
   156/272     9.07G     0.936      3.46   0.00042      4.39       102       608     0.753     0.292     0.226     0.421     0.853      6.03   0.00119
   157/272     9.07G      0.93      3.37  0.000292       4.3       326       608     0.754     0.294     0.226     0.423     0.838      5.97   0.00245
   158/272     9.07G     0.924      3.37  0.000292      4.29       173       608     0.717     0.265     0.193     0.387     0.879      6.71   0.00525
   159/272     9.07G     0.928      3.35  0.000352      4.28       132       608     0.743     0.286     0.216     0.413     0.843      5.66    0.0044
   160/272     9.07G     0.926      3.36  0.000275      4.29       193       608     0.725     0.257     0.186     0.379     0.881      6.73   0.00267
   161/272     9.07G     0.922      3.31  0.000336      4.23       130       608     0.736     0.277     0.206     0.403     0.837      5.74   0.00457
   162/272     9.07G     0.923      3.32  0.000414      4.24       113       608     0.768     0.299      0.23     0.431     0.857      6.75   0.00498
   163/272     9.07G     0.919      3.28  0.000263       4.2       114       608     0.781     0.315     0.249     0.449     0.835      6.06   0.00372
   164/272     9.07G     0.917      3.29   0.00028      4.21       133       608     0.785     0.302     0.243     0.436     0.834      5.83   0.00455
   165/272     9.07G     0.923      3.31  0.000247      4.23        17       608     0.808     0.318     0.258     0.457     0.837       5.9   0.00558
   166/272     9.07G     0.926      3.39  0.000274      4.32       130       608     0.782       0.3     0.241     0.434     0.861      6.18   0.00533
   167/272     9.07G     0.918      3.28  0.000251       4.2       206       608     0.829     0.339     0.281     0.481      0.83      5.88   0.00578
   168/272     9.07G     0.913      3.29  0.000307       4.2       247       608     0.764     0.292     0.227     0.423     0.837      6.13   0.00606
   169/272     9.07G     0.917      3.28  0.000249       4.2        85       608     0.787     0.312     0.251     0.447      0.83      5.94    0.0043
   170/272     9.07G     0.911      3.36  0.000315      4.27         0       608     0.738      0.25      0.19     0.373     0.858      6.21   0.00567
   171/272     9.07G     0.939      3.59  0.000298      4.53       122       608     0.751     0.278      0.21     0.406      0.85      5.82    0.0037
   172/272     9.07G     0.923      3.34  0.000225      4.26        76       608      0.76     0.297     0.227     0.427      0.85      5.76   0.00495
   173/272     9.07G     0.919       3.3  0.000236      4.22       170       608     0.787     0.313      0.25     0.448     0.838      6.01   0.00437
   174/272     9.07G     0.914      3.28  0.000228      4.19       184       608     0.753     0.291     0.226     0.419      0.83      5.91    0.0042
   175/272     9.07G     0.911       3.3  0.000232      4.21       141       608     0.808     0.325     0.266     0.463     0.827      5.84    0.0042
   176/272     9.07G      0.92      3.33  0.000296      4.25       159       608     0.783     0.308     0.243     0.442     0.845      6.22    0.0056
   177/272     9.07G     0.918      3.28  0.000298       4.2       106       608     0.774     0.308     0.239      0.44     0.832      5.69   0.00219
   178/272     9.07G     0.915      3.27  0.000442      4.19        10       608     0.761     0.282      0.22     0.412     0.853      5.89   0.00385
   179/272     9.07G     0.921       3.4  0.000293      4.32       336       608     0.766     0.294      0.23     0.425     0.834      6.05   0.00317
   180/272     9.07G     0.911      3.26  0.000246      4.17       132       608     0.797     0.308     0.246     0.444     0.834      5.85   0.00172
   181/272     9.07G     0.905      3.26   0.00024      4.16         0       608     0.792     0.305     0.244     0.441     0.836      5.76   0.00228
   182/272     9.07G     0.908      3.24  0.000241      4.15       230       608     0.766     0.304     0.236     0.435     0.837      5.71   0.00389
   183/272     9.07G     0.908      3.23   0.00026      4.14       167       608      0.78     0.312     0.249     0.446     0.821      5.78   0.00529
   184/272     9.07G     0.906      3.21  0.000294      4.12       288       608     0.755      0.29     0.225     0.419     0.835      5.67   0.00389
   185/272     9.07G     0.905      3.17  0.000234      4.08       147       608     0.756       0.3     0.231     0.429     0.827      5.79    0.0034
   186/272     9.07G     0.902      3.22  0.000246      4.12         0       608     0.795     0.317     0.253     0.453     0.823      5.74   0.00341
   187/272     9.07G     0.904       3.2  0.000245      4.11       189       608     0.796     0.324     0.261     0.461     0.832      5.93   0.00399
   188/272     9.07G     0.905      3.27  0.000259      4.18       129       608     0.782     0.302     0.241     0.436     0.826      5.55   0.00306
   189/272     9.07G     0.905      3.22  0.000299      4.12       111       608     0.796     0.317     0.254     0.454      0.82      5.77   0.00501
   190/272     9.07G     0.903      3.22  0.000253      4.12       126       608     0.778     0.314     0.248     0.447     0.847      6.11   0.00426
   191/272     9.07G     0.901      3.24  0.000301      4.14       232       608     0.808      0.32     0.265     0.458      0.82      5.87   0.00526
   192/272     9.07G     0.906      3.25  0.000262      4.16        85       608     0.794     0.311     0.253     0.446     0.822      5.52   0.00463
   193/272     9.07G     0.897      3.23  0.000258      4.12         0       608     0.787     0.293     0.235     0.427     0.827      5.51   0.00623
   194/272     9.07G       0.9      3.22  0.000247      4.12       141       608      0.73     0.252     0.189     0.374     0.868      7.32  0.000789
   195/272     9.07G     0.902      3.25  0.000253      4.15       120       608     0.788     0.312     0.252     0.447     0.822      5.48   0.00174
   196/272     9.07G     0.902      3.24  0.000236      4.14        63       608     0.669     0.204      0.14     0.312     0.927      7.26   0.00563
   197/272     9.07G     0.904      3.21  0.000247      4.12       146       608     0.781     0.308     0.242     0.441     0.817      5.69   0.00424
   198/272     9.07G     0.897      3.19  0.000241      4.09       204       608     0.742     0.285     0.214     0.412     0.843      5.98   0.00374
   199/272     9.07G     0.895      3.18  0.000254      4.08        89       608     0.786     0.307     0.242     0.442     0.818      5.69   0.00414
   200/272     9.07G     0.894      3.18  0.000252      4.07       127       608     0.806     0.318     0.256     0.456     0.824       5.8   0.00436
   201/272     9.07G     0.894      3.11   0.00024      4.01       187       608     0.766     0.298     0.228     0.429      0.82      5.69   0.00416
   202/272     9.07G     0.895      3.13  0.000243      4.03       110       608     0.794     0.308     0.244     0.444     0.821      5.53     0.005
   203/272     9.07G     0.895      3.14  0.000234      4.03        19       608     0.786      0.31     0.247     0.444     0.821      5.63    0.0039
   204/272     9.07G     0.896      3.16  0.000235      4.06       202       608     0.801     0.316     0.256     0.453     0.819      5.58   0.00379
   205/272     9.07G     0.897      3.11  0.000227      4.01       183       608     0.796     0.324     0.262     0.461      0.81      5.56   0.00479
   206/272     9.07G     0.893      3.15  0.000238      4.04       299       608     0.811     0.326     0.266     0.466     0.817      5.87   0.00485
   207/272     9.07G      0.89      3.18  0.000239      4.07       293       608     0.795     0.308     0.245     0.444     0.813      5.87   0.00484
   208/272     9.07G     0.895      3.13  0.000243      4.03       260       608     0.763     0.292     0.227     0.422     0.819      5.87   0.00532
   209/272     9.07G     0.886      3.17  0.000252      4.05       268       608     0.759     0.286     0.219     0.415     0.814      5.96   0.00564
   210/272     9.07G     0.893      3.13  0.000253      4.03        93       608     0.785     0.305     0.241     0.439     0.823      5.79   0.00503
   211/272     9.07G     0.888      3.13  0.000255      4.01       151       608     0.777     0.304      0.24     0.437      0.82      5.76   0.00476
   212/272     9.07G     0.886      3.14  0.000254      4.03       118       608     0.672     0.206     0.142     0.315      1.06      12.7   0.00464
   213/272     9.07G     0.898      3.29  0.000279      4.19         0       608     0.814     0.325     0.267     0.465     0.813      5.59    0.0042
   214/272     9.07G     0.906      3.26  0.000276      4.17        96       608     0.742     0.282     0.215     0.408     0.835      5.81   0.00537
   215/272     9.07G     0.896      3.19  0.000266      4.08       138       608     0.763       0.3     0.232      0.43     0.813      5.47   0.00472
   216/272     9.07G     0.886      3.12   0.00024      4.01        71       608     0.786      0.31      0.25     0.445     0.828      5.67   0.00564
   217/272     9.07G      0.89      3.11  0.000271         4       291       608     0.762     0.298     0.228     0.428     0.811      5.54   0.00608
   218/272     9.07G     0.886      3.13  0.000269      4.02       183       608     0.777     0.316     0.247     0.449     0.824      5.95   0.00577
   219/272     9.07G     0.877      3.07  0.000234      3.95         0       608     0.816     0.317      0.26     0.456     0.801      5.41   0.00555
   220/272     9.07G     0.875      3.06  0.000235      3.94       231       608     0.797     0.314     0.254     0.451     0.798      5.42    0.0059
   221/272     9.07G     0.875      2.99  0.000258      3.86       155       608     0.818     0.323     0.269     0.463     0.799      5.46   0.00575
   222/272     9.07G     0.877      3.02  0.000469      3.89       240       608     0.803     0.312     0.256      0.45     0.796      5.43   0.00585
   223/272     9.07G     0.876         3  0.000218      3.88       144       608     0.821     0.315     0.261     0.455     0.796      5.44    0.0057
   224/272     9.07G     0.874         3  0.000232      3.88       302       608     0.791     0.305     0.244      0.44     0.796      5.44   0.00558
   225/272     9.07G     0.872      3.02  0.000225      3.89       216       608     0.785     0.306     0.242      0.44     0.796      5.49   0.00582
   226/272     9.07G     0.874         3  0.000284      3.87        97       608     0.804      0.31     0.256     0.448     0.797      5.47   0.00575
   227/272     9.07G     0.875      3.02  0.000246       3.9       324       608     0.777       0.3     0.238     0.433     0.799      5.51   0.00554
   228/272     9.07G     0.871      3.01  0.000221      3.89        86       608     0.796     0.304     0.245      0.44     0.801      5.54   0.00563
   229/272     9.07G     0.878      3.01  0.000225      3.88         6       608     0.808     0.301     0.248     0.438     0.799      5.45   0.00559
   230/272     9.07G     0.875      3.01  0.000225      3.89       300       608     0.802     0.312     0.255      0.45     0.797      5.46   0.00556
   231/272     9.07G     0.874         3  0.000221      3.88       148       608     0.825     0.316     0.262     0.457     0.794      5.43   0.00579
   232/272     9.07G     0.872      2.98  0.000229      3.85       176       608     0.807     0.315     0.256     0.453     0.796      5.41   0.00539
   233/272     9.07G     0.873      3.01  0.000232      3.89       228       608     0.796      0.31     0.252     0.446     0.794      5.45   0.00577
   234/272     9.07G     0.869      3.03   0.00022       3.9         0       608     0.821     0.314     0.261     0.455     0.796       5.4   0.00555
   235/272     9.07G     0.871         3  0.000237      3.87         0       608     0.785     0.279     0.218     0.412     0.804      5.47   0.00602
   236/272     9.07G     0.873      2.98  0.000224      3.86       311       608     0.787     0.304     0.242     0.438     0.799      5.46   0.00611
   237/272     9.07G     0.872      3.06  0.000225      3.93        75       608     0.821     0.322      0.27     0.462     0.794      5.44   0.00612
   238/272     9.07G     0.874      3.01  0.000228      3.88       202       608      0.81      0.31     0.258     0.449     0.797      5.49   0.00594
   239/272     9.07G     0.871      2.99  0.000275      3.87        89       608     0.807     0.313     0.257     0.451     0.795      5.43   0.00586
   240/272     9.07G     0.872         3  0.000216      3.87       106       608     0.811     0.311     0.258      0.45     0.795       5.5   0.00591
   241/272     9.07G     0.866      2.99  0.000215      3.85         0       608     0.816     0.306     0.252     0.445     0.797      5.36   0.00559
   242/272     9.07G      0.87      2.97  0.000232      3.84       113       608     0.809     0.307     0.249     0.445     0.796      5.57   0.00617
   243/272     9.07G     0.872      2.98  0.000281      3.85        45       608       0.8     0.303     0.246      0.44     0.795      5.46    0.0057
   244/272     9.07G     0.871      2.99  0.000212      3.86       217       608     0.809     0.315     0.258     0.454     0.792      5.34   0.00576
   245/272     9.07G     0.875      2.95  0.000209      3.83        33       608     0.794     0.293     0.237     0.428     0.795       5.5   0.00567
   246/272     9.07G      0.87      2.98  0.000214      3.85       221       608     0.798     0.313     0.254      0.45     0.794      5.51   0.00585
   247/272     9.07G      0.87      2.97  0.000212      3.84       229       608     0.805     0.316     0.256     0.454     0.792      5.44    0.0058
   248/272     9.07G     0.869      2.96  0.000212      3.83        44       608     0.806     0.302     0.248      0.44     0.792      5.38   0.00554
   249/272     9.07G     0.868      2.96  0.000221      3.83       191       608     0.811     0.313     0.258     0.452     0.793      5.42   0.00573
   250/272     9.07G     0.871      2.97  0.000214      3.84       320       608       0.8     0.309     0.249     0.446     0.792      5.39    0.0056
   251/272     9.07G      0.87      2.99  0.000212      3.86       322       608     0.803     0.308     0.247     0.445     0.795      5.41   0.00559
   252/272     9.07G     0.869      2.96   0.00021      3.83       153       608     0.814     0.312     0.259     0.452     0.791      5.42   0.00581
   253/272     9.07G     0.869      2.96  0.000215      3.83       307       608     0.779       0.3      0.24     0.433     0.793      5.53   0.00597
   254/272     9.07G     0.866      2.97  0.000216      3.84         0       608     0.785     0.285     0.226     0.418     0.798      5.43   0.00582
   255/272     9.07G     0.872      2.99  0.000215      3.86       223       608     0.798     0.312     0.254     0.448     0.792       5.5     0.006
   256/272     9.07G     0.869      2.96  0.000214      3.83       319       608     0.801     0.306     0.247     0.443     0.792      5.36   0.00561
   257/272     9.07G     0.867      2.96  0.000211      3.83        25       608     0.802       0.3     0.247     0.437     0.796       5.5   0.00593
   258/272     9.07G     0.869      2.95  0.000209      3.82        66       608     0.806     0.305     0.248     0.443     0.792      5.37   0.00546
   259/272     9.07G      0.87      2.95  0.000208      3.82       105       608     0.796     0.302     0.245     0.438     0.792      5.46   0.00566
   260/272     9.07G     0.869      2.97   0.00021      3.84       198       608     0.821     0.314     0.261     0.454     0.793       5.5   0.00579
   261/272     9.07G     0.869      3.02  0.000226      3.88       178       608      0.81     0.312     0.258      0.45     0.793      5.44   0.00577
   262/272     9.07G     0.866      2.97  0.000211      3.84       190       608     0.814     0.312     0.259     0.451     0.791      5.38   0.00574
   263/272     9.07G     0.869      2.94  0.000209      3.81        90       608     0.808     0.307     0.249     0.445      0.79      5.47   0.00591
   264/272     9.07G     0.871      2.98   0.00021      3.85       182       608     0.809      0.31     0.258     0.448     0.793      5.45   0.00576
   265/272     9.07G      0.87      2.97   0.00025      3.84       347       608     0.797     0.308     0.245     0.444     0.792      5.37   0.00571
   266/272     9.07G     0.865      2.94  0.000215      3.81        26       608     0.795     0.297     0.237     0.433     0.794      5.41   0.00571
   267/272     9.07G      0.87      2.95  0.000212      3.82       275       608     0.802     0.314     0.255     0.452     0.794      5.38   0.00562
   268/272     9.07G     0.866      2.94  0.000508       3.8       133       608     0.794     0.301     0.245     0.436     0.794      5.42   0.00558
   269/272     9.07G     0.869      3.01  0.000218      3.88       280       608     0.775     0.298     0.231      0.43     0.798       5.6   0.00617
   270/272     9.07G     0.868      2.96  0.000209      3.83       211       608     0.809     0.312     0.258      0.45     0.791      5.44   0.00564
   271/272     9.07G     0.869      2.98  0.000254      3.85       147       608     0.813     0.316     0.259     0.455     0.794      5.41   0.00555
   272/272     9.07G      0.87      2.94   0.00021      3.81       277       608     0.696     0.282     0.207     0.401     0.792       5.4   0.00571
